000037
 1.000000    0.000000
 0.980000    0.009444
 0.960000    0.017830
 0.940000    0.025236
 0.920000    0.031738
 0.900000    0.037409
 0.880000    0.042316
 0.860001    0.046526
 0.840001    0.050102
 0.820002    0.053101
 0.800004    0.055581
 0.780008    0.057594
 0.760013    0.059190
 0.740021    0.060415
 0.720032    0.061312
 0.700049    0.061921
 0.680072    0.062281
 0.660103    0.062424
 0.640146    0.062383
 0.620202    0.062186
 0.600274    0.061859
 0.580368    0.061424
 0.560486    0.060902
 0.540635    0.060310
 0.520819    0.059665
 0.501047    0.058977
 0.481324    0.058259
 0.461661    0.057518
 0.442066    0.056760
 0.422550    0.055990
 0.403125    0.055210
 0.383804    0.054420
 0.364603    0.053620
 0.345536    0.052806
 0.326622    0.051974
 0.307880    0.051120
 0.289331    0.050236
 0.270998    0.049315
 0.252907    0.048350
 0.235084    0.047330
 0.217558    0.046247
 0.200362    0.045090
 0.183530    0.043851
 0.167098    0.042519
 0.151106    0.041084
 0.135596    0.039536
 0.120613    0.037868
 0.106207    0.036071
 0.092429    0.034139
 0.079333    0.032064
 0.066980    0.029843
 0.055430    0.027472
 0.044751    0.024951
 0.035012    0.022280
 0.026288    0.019463
 0.018658    0.016504
 0.012206    0.013413
 0.007018    0.010201
 0.003189    0.006882
 0.000815    0.003475
 0.000000    0.000000
 0.000815    -0.009451
 0.003189    -0.017855
 0.007018    -0.025290
 0.012206    -0.031828
 0.018658    -0.037539
 0.026288    -0.042492
 0.035012    -0.046750
 0.044751    -0.050376
 0.055430    -0.053429
 0.066980    -0.055965
 0.079333    -0.058037
 0.092429    -0.059698
 0.106207    -0.060994
 0.120613    -0.061972
 0.135596    -0.062674
 0.151106    -0.063140
 0.167098    -0.063409
 0.183530    -0.063515
 0.200362    -0.063491
 0.217558    -0.063366
 0.235084    -0.063168
 0.252907    -0.062921
 0.270998    -0.062647
 0.289331    -0.062367
 0.307880    -0.062096
 0.326622    -0.061849
 0.345536    -0.061639
 0.364603    -0.061473
 0.383804    -0.061361
 0.403125    -0.061304
 0.422550    -0.061305
 0.442066    -0.061364
 0.461661    -0.061476
 0.481324    -0.061636
 0.501047    -0.061834
 0.520819    -0.062061
 0.540635    -0.062301
 0.560486    -0.062539
 0.580368    -0.062756
 0.600274    -0.062929
 0.620202    -0.063035
 0.640146    -0.063047
 0.660103    -0.062935
 0.680072    -0.062666
 0.700049    -0.062207
 0.720032    -0.061518
 0.740021    -0.060561
 0.760013    -0.059290
 0.780008    -0.057660
 0.800004    -0.055623
 0.820002    -0.053127
 0.840001    -0.050116
 0.860001    -0.046534
 0.880000    -0.042320
 0.900000    -0.037410
 0.920000    -0.031739
 0.940000    -0.025236
 0.960000    -0.017830
 0.980000    -0.009444
 1.000000    0.000000
