000085
 1.000000    0.000000
 0.980000    0.009418
 0.960000    0.018129
 0.940000    0.026198
 0.920000    0.033683
 0.900000    0.040634
 0.880000    0.047099
 0.860001    0.053119
 0.840001    0.058730
 0.820002    0.063965
 0.800004    0.068853
 0.780008    0.073418
 0.760013    0.077681
 0.740021    0.081661
 0.720032    0.085374
 0.700049    0.088832
 0.680072    0.092047
 0.660103    0.095028
 0.640146    0.097782
 0.620202    0.100314
 0.600274    0.102629
 0.580368    0.104730
 0.560486    0.106619
 0.540635    0.108298
 0.520819    0.109767
 0.501047    0.111026
 0.481324    0.112076
 0.461661    0.112914
 0.442066    0.113541
 0.422550    0.113955
 0.403125    0.114155
 0.383804    0.114140
 0.364603    0.113907
 0.345536    0.113455
 0.326622    0.112784
 0.307880    0.111890
 0.289331    0.110772
 0.270998    0.109429
 0.252907    0.107857
 0.235084    0.106055
 0.217558    0.104019
 0.200362    0.101746
 0.183530    0.099232
 0.167098    0.096472
 0.151106    0.093461
 0.135596    0.090192
 0.120613    0.086657
 0.106207    0.082846
 0.092429    0.078749
 0.079333    0.074353
 0.066980    0.069644
 0.055430    0.064603
 0.044751    0.059211
 0.035012    0.053446
 0.026288    0.047282
 0.018658    0.040689
 0.012206    0.033636
 0.007018    0.026084
 0.003189    0.017992
 0.000815    0.009315
 0.000000    0.000000
 0.000815    -0.008317
 0.003189    -0.015940
 0.007018    -0.022872
 0.012206    -0.029120
 0.018658    -0.034694
 0.026288    -0.039608
 0.035012    -0.043880
 0.044751    -0.047529
 0.055430    -0.050577
 0.066980    -0.053047
 0.079333    -0.054965
 0.092429    -0.056358
 0.106207    -0.057253
 0.120613    -0.057679
 0.135596    -0.057664
 0.151106    -0.057239
 0.167098    -0.056433
 0.183530    -0.055275
 0.200362    -0.053793
 0.217558    -0.052018
 0.235084    -0.049976
 0.252907    -0.047695
 0.270998    -0.045203
 0.289331    -0.042524
 0.307880    -0.039684
 0.326622    -0.036707
 0.345536    -0.033615
 0.364603    -0.030431
 0.383804    -0.027175
 0.403125    -0.023868
 0.422550    -0.020529
 0.442066    -0.017177
 0.461661    -0.013828
 0.481324    -0.010501
 0.501047    -0.007211
 0.520819    -0.003974
 0.540635    -0.000807
 0.560486    0.002274
 0.580368    0.005255
 0.600274    0.008118
 0.620202    0.010846
 0.640146    0.013422
 0.660103    0.015826
 0.680072    0.018039
 0.700049    0.020039
 0.720032    0.021801
 0.740021    0.023298
 0.760013    0.024503
 0.780008    0.025383
 0.800004    0.025901
 0.820002    0.026019
 0.840001    0.025693
 0.860001    0.024873
 0.880000    0.023506
 0.900000    0.021532
 0.920000    0.018885
 0.940000    0.015492
 0.960000    0.011274
 0.980000    0.006142
 1.000000    0.000000
