000088
 1.000000    0.000000
 0.980000    0.010120
 0.960000    0.019349
 0.940000    0.027777
 0.920000    0.035488
 0.900000    0.042555
 0.880000    0.049045
 0.860001    0.055016
 0.840001    0.060519
 0.820002    0.065601
 0.800004    0.070302
 0.780008    0.074657
 0.760013    0.078694
 0.740021    0.082441
 0.720032    0.085917
 0.700049    0.089142
 0.680072    0.092131
 0.660103    0.094894
 0.640146    0.097442
 0.620202    0.099782
 0.600274    0.101919
 0.580368    0.103858
 0.560486    0.105600
 0.540635    0.107148
 0.520819    0.108502
 0.501047    0.109660
 0.481324    0.110624
 0.461661    0.111390
 0.442066    0.111959
 0.422550    0.112327
 0.403125    0.112493
 0.383804    0.112456
 0.364603    0.112214
 0.345536    0.111764
 0.326622    0.111105
 0.307880    0.110234
 0.289331    0.109152
 0.270998    0.107854
 0.252907    0.106340
 0.235084    0.104606
 0.217558    0.102651
 0.200362    0.100470
 0.183530    0.098060
 0.167098    0.095415
 0.151106    0.092530
 0.135596    0.089397
 0.120613    0.086007
 0.106207    0.082350
 0.092429    0.078411
 0.079333    0.074176
 0.066980    0.069626
 0.055430    0.064740
 0.044751    0.059493
 0.035012    0.053855
 0.026288    0.047794
 0.018658    0.041271
 0.012206    0.034242
 0.007018    0.026660
 0.003189    0.018468
 0.000815    0.009604
 0.000000    0.000000
 0.000815    -0.008869
 0.003189    -0.017014
 0.007018    -0.024437
 0.012206    -0.031143
 0.018658    -0.037144
 0.026288    -0.042453
 0.035012    -0.047089
 0.044751    -0.051071
 0.055430    -0.054425
 0.066980    -0.057174
 0.079333    -0.059345
 0.092429    -0.060969
 0.106207    -0.062074
 0.120613    -0.062690
 0.135596    -0.062851
 0.151106    -0.062586
 0.167098    -0.061927
 0.183530    -0.060906
 0.200362    -0.059555
 0.217558    -0.057903
 0.235084    -0.055981
 0.252907    -0.053818
 0.270998    -0.051441
 0.289331    -0.048879
 0.307880    -0.046157
 0.326622    -0.043299
 0.345536    -0.040330
 0.364603    -0.037272
 0.383804    -0.034146
 0.403125    -0.030971
 0.422550    -0.027767
 0.442066    -0.024552
 0.461661    -0.021341
 0.481324    -0.018150
 0.501047    -0.014995
 0.520819    -0.011888
 0.540635    -0.008845
 0.560486    -0.005878
 0.580368    -0.003000
 0.600274    -0.000224
 0.620202    0.002436
 0.640146    0.004966
 0.660103    0.007351
 0.680072    0.009576
 0.700049    0.011622
 0.720032    0.013470
 0.740021    0.015099
 0.760013    0.016485
 0.780008    0.017600
 0.800004    0.018414
 0.820002    0.018894
 0.840001    0.019001
 0.860001    0.018691
 0.880000    0.017916
 0.900000    0.016622
 0.920000    0.014749
 0.940000    0.012229
 0.960000    0.008987
 0.980000    0.004941
 1.000000    0.000000
