000033
 1.000000    0.000000
 0.980000    0.009725
 0.960000    0.018521
 0.940000    0.026474
 0.920000    0.033666
 0.900000    0.040171
 0.880000    0.046061
 0.860001    0.051400
 0.840001    0.056249
 0.820002    0.060663
 0.800004    0.064692
 0.780008    0.068384
 0.760013    0.071779
 0.740021    0.074914
 0.720032    0.077824
 0.700049    0.080537
 0.680072    0.083077
 0.660103    0.085468
 0.640146    0.087725
 0.620202    0.089865
 0.600274    0.091898
 0.580368    0.093831
 0.560486    0.095671
 0.540635    0.097419
 0.520819    0.099074
 0.501047    0.100635
 0.481324    0.102096
 0.461661    0.103449
 0.442066    0.104686
 0.422550    0.105796
 0.403125    0.106765
 0.383804    0.107581
 0.364603    0.108228
 0.345536    0.108689
 0.326622    0.108949
 0.307880    0.108990
 0.289331    0.108793
 0.270998    0.108341
 0.252907    0.107616
 0.235084    0.106599
 0.217558    0.105273
 0.200362    0.103621
 0.183530    0.101628
 0.167098    0.099277
 0.151106    0.096556
 0.135596    0.093452
 0.120613    0.089955
 0.106207    0.086057
 0.092429    0.081750
 0.079333    0.077031
 0.066980    0.071900
 0.055430    0.066357
 0.044751    0.060408
 0.035012    0.054060
 0.026288    0.047326
 0.018658    0.040222
 0.012206    0.032767
 0.007018    0.024986
 0.003189    0.016907
 0.000815    0.008566
 0.000000    0.000000
 0.000815    -0.006755
 0.003189    -0.012659
 0.007018    -0.017764
 0.012206    -0.022125
 0.018658    -0.025799
 0.026288    -0.028839
 0.035012    -0.031304
 0.044751    -0.033248
 0.055430    -0.034726
 0.066980    -0.035794
 0.079333    -0.036503
 0.092429    -0.036907
 0.106207    -0.037053
 0.120613    -0.036991
 0.135596    -0.036765
 0.151106    -0.036418
 0.167098    -0.035991
 0.183530    -0.035520
 0.200362    -0.035040
 0.217558    -0.034582
 0.235084    -0.034174
 0.252907    -0.033840
 0.270998    -0.033600
 0.289331    -0.033473
 0.307880    -0.033471
 0.326622    -0.033605
 0.345536    -0.033881
 0.364603    -0.034302
 0.383804    -0.034867
 0.403125    -0.035571
 0.422550    -0.036408
 0.442066    -0.037365
 0.461661    -0.038428
 0.481324    -0.039579
 0.501047    -0.040798
 0.520819    -0.042062
 0.540635    -0.043343
 0.560486    -0.044614
 0.580368    -0.045844
 0.600274    -0.046999
 0.620202    -0.048046
 0.640146    -0.048948
 0.660103    -0.049668
 0.680072    -0.050168
 0.700049    -0.050410
 0.720032    -0.050354
 0.740021    -0.049964
 0.760013    -0.049200
 0.780008    -0.048026
 0.800004    -0.046407
 0.820002    -0.044310
 0.840001    -0.041703
 0.860001    -0.038559
 0.880000    -0.034853
 0.900000    -0.030565
 0.920000    -0.025677
 0.940000    -0.020179
 0.960000    -0.014065
 0.980000    -0.007336
 1.000000    0.000000
