000041
 1.000000    0.000000
 0.980000    0.009259
 0.960000    0.017148
 0.940000    0.023830
 0.920000    0.029452
 0.900000    0.034151
 0.880000    0.038051
 0.860001    0.041269
 0.840001    0.043907
 0.820002    0.046060
 0.800004    0.047814
 0.780008    0.049245
 0.760013    0.050422
 0.740021    0.051404
 0.720032    0.052246
 0.700049    0.052992
 0.680072    0.053684
 0.660103    0.054354
 0.640146    0.055031
 0.620202    0.055736
 0.600274    0.056488
 0.580368    0.057299
 0.560486    0.058179
 0.540635    0.059131
 0.520819    0.060157
 0.501047    0.061255
 0.481324    0.062419
 0.461661    0.063641
 0.442066    0.064910
 0.422550    0.066215
 0.403125    0.067538
 0.383804    0.068865
 0.364603    0.070176
 0.345536    0.071451
 0.326622    0.072669
 0.307880    0.073808
 0.289331    0.074845
 0.270998    0.075755
 0.252907    0.076514
 0.235084    0.077096
 0.217558    0.077476
 0.200362    0.077626
 0.183530    0.077522
 0.167098    0.077135
 0.151106    0.076438
 0.135596    0.075404
 0.120613    0.074006
 0.106207    0.072216
 0.092429    0.070006
 0.079333    0.067347
 0.066980    0.064211
 0.055430    0.060569
 0.044751    0.056392
 0.035012    0.051650
 0.026288    0.046313
 0.018658    0.040350
 0.012206    0.033730
 0.007018    0.026419
 0.003189    0.018384
 0.000815    0.009590
 0.000000    0.000000
 0.000815    -0.009590
 0.003189    -0.018384
 0.007018    -0.026419
 0.012206    -0.033730
 0.018658    -0.040350
 0.026288    -0.046313
 0.035012    -0.051650
 0.044751    -0.056392
 0.055430    -0.060569
 0.066980    -0.064211
 0.079333    -0.067347
 0.092429    -0.070006
 0.106207    -0.072216
 0.120613    -0.074006
 0.135596    -0.075404
 0.151106    -0.076438
 0.167098    -0.077135
 0.183530    -0.077522
 0.200362    -0.077626
 0.217558    -0.077476
 0.235084    -0.077096
 0.252907    -0.076514
 0.270998    -0.075755
 0.289331    -0.074845
 0.307880    -0.073808
 0.326622    -0.072669
 0.345536    -0.071451
 0.364603    -0.070176
 0.383804    -0.068865
 0.403125    -0.067538
 0.422550    -0.066215
 0.442066    -0.064910
 0.461661    -0.063641
 0.481324    -0.062419
 0.501047    -0.061255
 0.520819    -0.060157
 0.540635    -0.059131
 0.560486    -0.058179
 0.580368    -0.057299
 0.600274    -0.056488
 0.620202    -0.055736
 0.640146    -0.055031
 0.660103    -0.054354
 0.680072    -0.053684
 0.700049    -0.052992
 0.720032    -0.052246
 0.740021    -0.051404
 0.760013    -0.050422
 0.780008    -0.049245
 0.800004    -0.047814
 0.820002    -0.046060
 0.840001    -0.043907
 0.860001    -0.041269
 0.880000    -0.038051
 0.900000    -0.034151
 0.920000    -0.029452
 0.940000    -0.023830
 0.960000    -0.017148
 0.980000    -0.009259
 1.000000    0.000000
