000008
 1.000000    0.000000
 0.980000    0.010644
 0.960000    0.019729
 0.940000    0.027468
 0.920000    0.034055
 0.900000    0.039668
 0.880000    0.044464
 0.860001    0.048584
 0.840001    0.052155
 0.820002    0.055288
 0.800004    0.058080
 0.780008    0.060615
 0.760013    0.062963
 0.740021    0.065185
 0.720032    0.067329
 0.700049    0.069434
 0.680072    0.071529
 0.660103    0.073634
 0.640146    0.075764
 0.620202    0.077923
 0.600274    0.080110
 0.580368    0.082319
 0.560486    0.084537
 0.540635    0.086749
 0.520819    0.088934
 0.501047    0.091069
 0.481324    0.093127
 0.461661    0.095079
 0.442066    0.096896
 0.422550    0.098547
 0.403125    0.100000
 0.383804    0.101224
 0.364603    0.102188
 0.345536    0.102862
 0.326622    0.103218
 0.307880    0.103230
 0.289331    0.102874
 0.270998    0.102128
 0.252907    0.100974
 0.235084    0.099400
 0.217558    0.097394
 0.200362    0.094950
 0.183530    0.092068
 0.167098    0.088752
 0.151106    0.085011
 0.135596    0.080859
 0.120613    0.076319
 0.106207    0.071418
 0.092429    0.066189
 0.079333    0.060673
 0.066980    0.054917
 0.055430    0.048976
 0.044751    0.042913
 0.035012    0.036797
 0.026288    0.030704
 0.018658    0.024722
 0.012206    0.018942
 0.007018    0.013466
 0.003189    0.008404
 0.000815    0.003873
 0.000000    0.000000
 0.000815    -0.009052
 0.003189    -0.016332
 0.007018    -0.022017
 0.012206    -0.026273
 0.018658    -0.029260
 0.026288    -0.031124
 0.035012    -0.032005
 0.044751    -0.032033
 0.055430    -0.031329
 0.066980    -0.030006
 0.079333    -0.028166
 0.092429    -0.025905
 0.106207    -0.023309
 0.120613    -0.020459
 0.135596    -0.017424
 0.151106    -0.014270
 0.167098    -0.011052
 0.183530    -0.007820
 0.200362    -0.004618
 0.217558    -0.001481
 0.235084    0.001558
 0.252907    0.004476
 0.270998    0.007252
 0.289331    0.009873
 0.307880    0.012327
 0.326622    0.014609
 0.345536    0.016718
 0.364603    0.018654
 0.383804    0.020423
 0.403125    0.022031
 0.422550    0.023489
 0.442066    0.024807
 0.461661    0.025997
 0.481324    0.027074
 0.501047    0.028049
 0.520819    0.028938
 0.540635    0.029752
 0.560486    0.030503
 0.580368    0.031201
 0.600274    0.031852
 0.620202    0.032461
 0.640146    0.033029
 0.660103    0.033553
 0.680072    0.034025
 0.700049    0.034431
 0.720032    0.034754
 0.740021    0.034966
 0.760013    0.035036
 0.780008    0.034923
 0.800004    0.034578
 0.820002    0.033941
 0.840001    0.032946
 0.860001    0.031513
 0.880000    0.029551
 0.900000    0.026958
 0.920000    0.023619
 0.940000    0.019405
 0.960000    0.014172
 0.980000    0.007762
 1.000000    0.000000
