000017
 1.000000    0.000000
 0.980000    0.011084
 0.960000    0.021392
 0.940000    0.031005
 0.920000    0.039994
 0.900000    0.048424
 0.880000    0.056353
 0.860001    0.063832
 0.840001    0.070905
 0.820002    0.077610
 0.800004    0.083980
 0.780008    0.090041
 0.760013    0.095816
 0.740021    0.101322
 0.720032    0.106570
 0.700049    0.111569
 0.680072    0.116324
 0.660103    0.120835
 0.640146    0.125099
 0.620202    0.129112
 0.600274    0.132864
 0.580368    0.136347
 0.560486    0.139546
 0.540635    0.142449
 0.520819    0.145040
 0.501047    0.147303
 0.481324    0.149220
 0.461661    0.150774
 0.442066    0.151947
 0.422550    0.152723
 0.403125    0.153084
 0.383804    0.153015
 0.364603    0.152501
 0.345536    0.151528
 0.326622    0.150087
 0.307880    0.148167
 0.289331    0.145761
 0.270998    0.142867
 0.252907    0.139483
 0.235084    0.135613
 0.217558    0.131261
 0.200362    0.126440
 0.183530    0.121164
 0.167098    0.115452
 0.151106    0.109330
 0.135596    0.102826
 0.120613    0.095978
 0.106207    0.088826
 0.092429    0.081418
 0.079333    0.073809
 0.066980    0.066061
 0.055430    0.058241
 0.044751    0.050427
 0.035012    0.042702
 0.026288    0.035159
 0.018658    0.027899
 0.012206    0.021030
 0.007018    0.014673
 0.003189    0.008955
 0.000815    0.004015
 0.000000    0.000000
 0.000815    -0.003218
 0.003189    -0.005910
 0.007018    -0.008131
 0.012206    -0.009934
 0.018658    -0.011369
 0.026288    -0.012485
 0.035012    -0.013326
 0.044751    -0.013934
 0.055430    -0.014347
 0.066980    -0.014602
 0.079333    -0.014730
 0.092429    -0.014761
 0.106207    -0.014720
 0.120613    -0.014629
 0.135596    -0.014508
 0.151106    -0.014371
 0.167098    -0.014231
 0.183530    -0.014097
 0.200362    -0.013976
 0.217558    -0.013869
 0.235084    -0.013778
 0.252907    -0.013700
 0.270998    -0.013629
 0.289331    -0.013560
 0.307880    -0.013483
 0.326622    -0.013386
 0.345536    -0.013257
 0.364603    -0.013083
 0.383804    -0.012850
 0.403125    -0.012541
 0.422550    -0.012142
 0.442066    -0.011637
 0.461661    -0.011012
 0.481324    -0.010254
 0.501047    -0.009351
 0.520819    -0.008291
 0.540635    -0.007068
 0.560486    -0.005677
 0.580368    -0.004117
 0.600274    -0.002389
 0.620202    -0.000503
 0.640146    0.001531
 0.660103    0.003693
 0.680072    0.005960
 0.700049    0.008298
 0.720032    0.010668
 0.740021    0.013023
 0.760013    0.015304
 0.780008    0.017445
 0.800004    0.019367
 0.820002    0.020980
 0.840001    0.022182
 0.860001    0.022858
 0.880000    0.022879
 0.900000    0.022100
 0.920000    0.020361
 0.940000    0.017486
 0.960000    0.013280
 0.980000    0.007529
 1.000000    0.000000
