000000
 1.000000    0.000000
 0.980000    0.011800
 0.960000    0.022847
 0.940000    0.033174
 0.920000    0.042811
 0.900000    0.051788
 0.880000    0.060136
 0.860001    0.067883
 0.840001    0.075054
 0.820002    0.081676
 0.800004    0.087774
 0.780008    0.093370
 0.760013    0.098487
 0.740021    0.103146
 0.720032    0.107366
 0.700049    0.111166
 0.680072    0.114562
 0.660103    0.117571
 0.640146    0.120207
 0.620202    0.122484
 0.600274    0.124415
 0.580368    0.126010
 0.560486    0.127279
 0.540635    0.128232
 0.520819    0.128878
 0.501047    0.129223
 0.481324    0.129275
 0.461661    0.129038
 0.442066    0.128518
 0.422550    0.127720
 0.403125    0.126647
 0.383804    0.125304
 0.364603    0.123693
 0.345536    0.121817
 0.326622    0.119680
 0.307880    0.117284
 0.289331    0.114634
 0.270998    0.111731
 0.252907    0.108580
 0.235084    0.105186
 0.217558    0.101553
 0.200362    0.097688
 0.183530    0.093597
 0.167098    0.089289
 0.151106    0.084772
 0.135596    0.080058
 0.120613    0.075160
 0.106207    0.070092
 0.092429    0.064871
 0.079333    0.059515
 0.066980    0.054045
 0.055430    0.048486
 0.044751    0.042865
 0.035012    0.037212
 0.026288    0.031559
 0.018658    0.025944
 0.012206    0.020407
 0.007018    0.014992
 0.003189    0.009750
 0.000815    0.004733
 0.000000    0.000000
 0.000815    -0.007676
 0.003189    -0.014209
 0.007018    -0.019702
 0.012206    -0.024253
 0.018658    -0.027956
 0.026288    -0.030897
 0.035012    -0.033159
 0.044751    -0.034817
 0.055430    -0.035943
 0.066980    -0.036604
 0.079333    -0.036861
 0.092429    -0.036770
 0.106207    -0.036382
 0.120613    -0.035746
 0.135596    -0.034903
 0.151106    -0.033892
 0.167098    -0.032749
 0.183530    -0.031502
 0.200362    -0.030179
 0.217558    -0.028804
 0.235084    -0.027395
 0.252907    -0.025969
 0.270998    -0.024540
 0.289331    -0.023119
 0.307880    -0.021714
 0.326622    -0.020330
 0.345536    -0.018971
 0.364603    -0.017639
 0.383804    -0.016334
 0.403125    -0.015055
 0.422550    -0.013799
 0.442066    -0.012561
 0.461661    -0.011339
 0.481324    -0.010128
 0.501047    -0.008922
 0.520819    -0.007717
 0.540635    -0.006509
 0.560486    -0.005294
 0.580368    -0.004070
 0.600274    -0.002836
 0.620202    -0.001592
 0.640146    -0.000341
 0.660103    0.000913
 0.680072    0.002163
 0.700049    0.003397
 0.720032    0.004603
 0.740021    0.005764
 0.760013    0.006858
 0.780008    0.007859
 0.800004    0.008738
 0.820002    0.009459
 0.840001    0.009982
 0.860001    0.010259
 0.880000    0.010239
 0.900000    0.009860
 0.920000    0.009057
 0.940000    0.007756
 0.960000    0.005874
 0.980000    0.003322
 1.000000    0.000000
