000084
 1.000000    0.000000
 0.980000    0.009137
 0.960000    0.017384
 0.940000    0.024846
 0.920000    0.031612
 0.900000    0.037767
 0.880000    0.043382
 0.860001    0.048524
 0.840001    0.053249
 0.820002    0.057608
 0.800004    0.061643
 0.780008    0.065392
 0.760013    0.068887
 0.740021    0.072154
 0.720032    0.075214
 0.700049    0.078087
 0.680072    0.080784
 0.660103    0.083318
 0.640146    0.085696
 0.620202    0.087922
 0.600274    0.089999
 0.580368    0.091928
 0.560486    0.093708
 0.540635    0.095336
 0.520819    0.096809
 0.501047    0.098123
 0.481324    0.099273
 0.461661    0.100253
 0.442066    0.101057
 0.422550    0.101680
 0.403125    0.102115
 0.383804    0.102357
 0.364603    0.102400
 0.345536    0.102239
 0.326622    0.101868
 0.307880    0.101283
 0.289331    0.100478
 0.270998    0.099451
 0.252907    0.098197
 0.235084    0.096712
 0.217558    0.094993
 0.200362    0.093037
 0.183530    0.090839
 0.167098    0.088396
 0.151106    0.085703
 0.135596    0.082757
 0.120613    0.079550
 0.106207    0.076078
 0.092429    0.072330
 0.079333    0.068299
 0.066980    0.063973
 0.055430    0.059338
 0.044751    0.054379
 0.035012    0.049077
 0.026288    0.043409
 0.018658    0.037351
 0.012206    0.030873
 0.007018    0.023940
 0.003189    0.016514
 0.000815    0.008551
 0.000000    0.000000
 0.000815    -0.009430
 0.003189    -0.018059
 0.007018    -0.025896
 0.012206    -0.032953
 0.018658    -0.039247
 0.026288    -0.044799
 0.035012    -0.049633
 0.044751    -0.053774
 0.055430    -0.057250
 0.066980    -0.060091
 0.079333    -0.062328
 0.092429    -0.063993
 0.106207    -0.065120
 0.120613    -0.065742
 0.135596    -0.065893
 0.151106    -0.065606
 0.167098    -0.064915
 0.183530    -0.063852
 0.200362    -0.062450
 0.217558    -0.060740
 0.235084    -0.058752
 0.252907    -0.056516
 0.270998    -0.054060
 0.289331    -0.051410
 0.307880    -0.048592
 0.326622    -0.045630
 0.345536    -0.042547
 0.364603    -0.039365
 0.383804    -0.036103
 0.403125    -0.032781
 0.422550    -0.029416
 0.442066    -0.026025
 0.461661    -0.022623
 0.481324    -0.019227
 0.501047    -0.015849
 0.520819    -0.012505
 0.540635    -0.009207
 0.560486    -0.005970
 0.580368    -0.002807
 0.600274    0.000267
 0.620202    0.003236
 0.640146    0.006084
 0.660103    0.008794
 0.680072    0.011344
 0.700049    0.013712
 0.720032    0.015875
 0.740021    0.017802
 0.760013    0.019464
 0.780008    0.020824
 0.800004    0.021842
 0.820002    0.022473
 0.840001    0.022665
 0.860001    0.022362
 0.880000    0.021500
 0.900000    0.020007
 0.920000    0.017805
 0.940000    0.014806
 0.960000    0.010912
 0.980000    0.006016
 1.000000    0.000000
