000011
 1.000000    0.000000
 0.980000    0.018854
 0.960000    0.035574
 0.940000    0.050385
 0.920000    0.063493
 0.900000    0.075086
 0.880000    0.085337
 0.860001    0.094403
 0.840001    0.102424
 0.820002    0.109529
 0.800004    0.115830
 0.780008    0.121429
 0.760013    0.126415
 0.740021    0.130866
 0.720032    0.134847
 0.700049    0.138417
 0.680072    0.141622
 0.660103    0.144503
 0.640146    0.147089
 0.620202    0.149405
 0.600274    0.151468
 0.580368    0.153288
 0.560486    0.154872
 0.540635    0.156220
 0.520819    0.157329
 0.501047    0.158190
 0.481324    0.158795
 0.461661    0.159130
 0.442066    0.159180
 0.422550    0.158929
 0.403125    0.158359
 0.383804    0.157454
 0.364603    0.156195
 0.345536    0.154566
 0.326622    0.152551
 0.307880    0.150135
 0.289331    0.147306
 0.270998    0.144055
 0.252907    0.140374
 0.235084    0.136261
 0.217558    0.131715
 0.200362    0.126740
 0.183530    0.121347
 0.167098    0.115549
 0.151106    0.109365
 0.135596    0.102821
 0.120613    0.095948
 0.106207    0.088783
 0.092429    0.081372
 0.079333    0.073766
 0.066980    0.066023
 0.055430    0.058211
 0.044751    0.050405
 0.035012    0.042687
 0.026288    0.035150
 0.018658    0.027894
 0.012206    0.021028
 0.007018    0.014672
 0.003189    0.008955
 0.000815    0.004015
 0.000000    0.000000
 0.000815    -0.009194
 0.003189    -0.016880
 0.007018    -0.023206
 0.012206    -0.028308
 0.018658    -0.032310
 0.026288    -0.035326
 0.035012    -0.037462
 0.044751    -0.038813
 0.055430    -0.039467
 0.066980    -0.039505
 0.079333    -0.038999
 0.092429    -0.038016
 0.106207    -0.036618
 0.120613    -0.034860
 0.135596    -0.032794
 0.151106    -0.030466
 0.167098    -0.027919
 0.183530    -0.025192
 0.200362    -0.022322
 0.217558    -0.019342
 0.235084    -0.016282
 0.252907    -0.013173
 0.270998    -0.010041
 0.289331    -0.006912
 0.307880    -0.003809
 0.326622    -0.000756
 0.345536    0.002227
 0.364603    0.005118
 0.383804    0.007898
 0.403125    0.010547
 0.422550    0.013048
 0.442066    0.015383
 0.461661    0.017536
 0.481324    0.019492
 0.501047    0.021235
 0.520819    0.022752
 0.540635    0.024031
 0.560486    0.025061
 0.580368    0.025832
 0.600274    0.026337
 0.620202    0.026571
 0.640146    0.026531
 0.660103    0.026216
 0.680072    0.025628
 0.700049    0.024774
 0.720032    0.023664
 0.740021    0.022312
 0.760013    0.020736
 0.780008    0.018961
 0.800004    0.017015
 0.820002    0.014936
 0.840001    0.012766
 0.860001    0.010554
 0.880000    0.008360
 0.900000    0.006249
 0.920000    0.004299
 0.940000    0.002596
 0.960000    0.001237
 0.980000    0.000331
 1.000000    0.000000
