000078
 1.000000    0.000000
 0.980000    0.008628
 0.960000    0.016481
 0.940000    0.023651
 0.920000    0.030219
 0.900000    0.036258
 0.880000    0.041832
 0.860001    0.046997
 0.840001    0.051803
 0.820002    0.056292
 0.800004    0.060498
 0.780008    0.064454
 0.760013    0.068183
 0.740021    0.071707
 0.720032    0.075042
 0.700049    0.078200
 0.680072    0.081191
 0.660103    0.084022
 0.640146    0.086696
 0.620202    0.089216
 0.600274    0.091580
 0.580368    0.093789
 0.560486    0.095838
 0.540635    0.097724
 0.520819    0.099443
 0.501047    0.100989
 0.481324    0.102357
 0.461661    0.103541
 0.442066    0.104536
 0.422550    0.105336
 0.403125    0.105935
 0.383804    0.106329
 0.364603    0.106512
 0.345536    0.106480
 0.326622    0.106229
 0.307880    0.105755
 0.289331    0.105054
 0.270998    0.104122
 0.252907    0.102956
 0.235084    0.101554
 0.217558    0.099911
 0.200362    0.098023
 0.183530    0.095887
 0.167098    0.093497
 0.151106    0.090847
 0.135596    0.087931
 0.120613    0.084740
 0.106207    0.081264
 0.092429    0.077490
 0.079333    0.073403
 0.066980    0.068987
 0.055430    0.064221
 0.044751    0.059079
 0.035012    0.053535
 0.026288    0.047555
 0.018658    0.041102
 0.012206    0.034132
 0.007018    0.026596
 0.003189    0.018439
 0.000815    0.009597
 0.000000    0.000000
 0.000815    -0.009424
 0.003189    -0.018049
 0.007018    -0.025882
 0.012206    -0.032937
 0.018658    -0.039229
 0.026288    -0.044779
 0.035012    -0.049610
 0.044751    -0.053745
 0.055430    -0.057212
 0.066980    -0.060041
 0.079333    -0.062261
 0.092429    -0.063904
 0.106207    -0.065003
 0.120613    -0.065591
 0.135596    -0.065701
 0.151106    -0.065368
 0.167098    -0.064624
 0.183530    -0.063503
 0.200362    -0.062038
 0.217558    -0.060262
 0.235084    -0.058206
 0.252907    -0.055900
 0.270998    -0.053375
 0.289331    -0.050660
 0.307880    -0.047781
 0.326622    -0.044765
 0.345536    -0.041638
 0.364603    -0.038423
 0.383804    -0.035143
 0.403125    -0.031819
 0.422550    -0.028472
 0.442066    -0.025121
 0.461661    -0.021783
 0.481324    -0.018475
 0.501047    -0.015215
 0.520819    -0.012016
 0.540635    -0.008893
 0.560486    -0.005861
 0.580368    -0.002934
 0.600274    -0.000125
 0.620202    0.002552
 0.640146    0.005083
 0.660103    0.007454
 0.680072    0.009648
 0.700049    0.011649
 0.720032    0.013440
 0.740021    0.015000
 0.760013    0.016308
 0.780008    0.017340
 0.800004    0.018068
 0.820002    0.018464
 0.840001    0.018493
 0.860001    0.018119
 0.880000    0.017298
 0.900000    0.015986
 0.920000    0.014128
 0.940000    0.011669
 0.960000    0.008543
 0.980000    0.004679
 1.000000    0.000000
