000031
 1.000000    0.000000
 0.980000    0.015060
 0.960000    0.028527
 0.940000    0.040496
 0.920000    0.051066
 0.900000    0.060333
 0.880000    0.068392
 0.860001    0.075339
 0.840001    0.081266
 0.820002    0.086262
 0.800004    0.090417
 0.780008    0.093813
 0.760013    0.096532
 0.740021    0.098651
 0.720032    0.100244
 0.700049    0.101377
 0.680072    0.102117
 0.660103    0.102522
 0.640146    0.102646
 0.620202    0.102539
 0.600274    0.102245
 0.580368    0.101804
 0.560486    0.101250
 0.540635    0.100612
 0.520819    0.099912
 0.501047    0.099171
 0.481324    0.098403
 0.461661    0.097616
 0.442066    0.096814
 0.422550    0.096000
 0.403125    0.095167
 0.383804    0.094310
 0.364603    0.093417
 0.345536    0.092474
 0.326622    0.091463
 0.307880    0.090366
 0.289331    0.089161
 0.270998    0.087826
 0.252907    0.086338
 0.235084    0.084672
 0.217558    0.082804
 0.200362    0.080714
 0.183530    0.078378
 0.167098    0.075778
 0.151106    0.072899
 0.135596    0.069728
 0.120613    0.066257
 0.106207    0.062483
 0.092429    0.058410
 0.079333    0.054049
 0.066980    0.049417
 0.055430    0.044543
 0.044751    0.039464
 0.035012    0.034227
 0.026288    0.028894
 0.018658    0.023536
 0.012206    0.018241
 0.007018    0.013112
 0.003189    0.008268
 0.000815    0.003845
 0.000000    0.000000
 0.000815    -0.009080
 0.003189    -0.016468
 0.007018    -0.022371
 0.012206    -0.026975
 0.018658    -0.030447
 0.026288    -0.032939
 0.035012    -0.034584
 0.044751    -0.035501
 0.055430    -0.035796
 0.066980    -0.035562
 0.079333    -0.034879
 0.092429    -0.033818
 0.106207    -0.032441
 0.120613    -0.030801
 0.135596    -0.028941
 0.151106    -0.026902
 0.167098    -0.024715
 0.183530    -0.022406
 0.200362    -0.020001
 0.217558    -0.017516
 0.235084    -0.014968
 0.252907    -0.012372
 0.270998    -0.009737
 0.289331    -0.007076
 0.307880    -0.004396
 0.326622    -0.001707
 0.345536    0.000984
 0.364603    0.003666
 0.383804    0.006331
 0.403125    0.008969
 0.422550    0.011569
 0.442066    0.014118
 0.461661    0.016605
 0.481324    0.019013
 0.501047    0.021329
 0.520819    0.023533
 0.540635    0.025609
 0.560486    0.027537
 0.580368    0.029297
 0.600274    0.030867
 0.620202    0.032226
 0.640146    0.033353
 0.660103    0.034226
 0.680072    0.034824
 0.700049    0.035127
 0.720032    0.035116
 0.740021    0.034774
 0.760013    0.034086
 0.780008    0.033043
 0.800004    0.031635
 0.820002    0.029859
 0.840001    0.027718
 0.860001    0.025219
 0.880000    0.022377
 0.900000    0.019214
 0.920000    0.015760
 0.940000    0.012055
 0.960000    0.008150
 0.980000    0.004107
 1.000000    0.000000
