000094
 1.000000    0.000000
 0.980000    0.010051
 0.960000    0.019260
 0.940000    0.027707
 0.920000    0.035463
 0.900000    0.042593
 0.880000    0.049156
 0.860001    0.055204
 0.840001    0.060784
 0.820002    0.065938
 0.800004    0.070702
 0.780008    0.075110
 0.760013    0.079190
 0.740021    0.082966
 0.720032    0.086460
 0.700049    0.089691
 0.680072    0.092673
 0.660103    0.095420
 0.640146    0.097942
 0.620202    0.100249
 0.600274    0.102347
 0.580368    0.104242
 0.560486    0.105937
 0.540635    0.107436
 0.520819    0.108740
 0.501047    0.109851
 0.481324    0.110769
 0.461661    0.111493
 0.442066    0.112023
 0.422550    0.112358
 0.403125    0.112495
 0.383804    0.112434
 0.364603    0.112173
 0.345536    0.111708
 0.326622    0.111039
 0.307880    0.110162
 0.289331    0.109074
 0.270998    0.107773
 0.252907    0.106256
 0.235084    0.104518
 0.217558    0.102556
 0.200362    0.100366
 0.183530    0.097941
 0.167098    0.095277
 0.151106    0.092366
 0.135596    0.089200
 0.120613    0.085770
 0.106207    0.082066
 0.092429    0.078075
 0.079333    0.073782
 0.066980    0.069173
 0.055430    0.064228
 0.044751    0.058925
 0.035012    0.053242
 0.026288    0.047150
 0.018658    0.040618
 0.012206    0.033612
 0.007018    0.026094
 0.003189    0.018019
 0.000815    0.009339
 0.000000    0.000000
 0.000815    -0.008373
 0.003189    -0.016028
 0.007018    -0.022969
 0.012206    -0.029203
 0.018658    -0.034742
 0.026288    -0.039601
 0.035012    -0.043800
 0.044751    -0.047359
 0.055430    -0.050301
 0.066980    -0.052652
 0.079333    -0.054439
 0.092429    -0.055690
 0.106207    -0.056434
 0.120613    -0.056702
 0.135596    -0.056523
 0.151106    -0.055929
 0.167098    -0.054950
 0.183530    -0.053617
 0.200362    -0.051962
 0.217558    -0.050012
 0.235084    -0.047799
 0.252907    -0.045349
 0.270998    -0.042692
 0.289331    -0.039854
 0.307880    -0.036860
 0.326622    -0.033737
 0.345536    -0.030506
 0.364603    -0.027192
 0.383804    -0.023815
 0.403125    -0.020397
 0.422550    -0.016956
 0.442066    -0.013513
 0.461661    -0.010085
 0.481324    -0.006690
 0.501047    -0.003344
 0.520819    -0.000063
 0.540635    0.003136
 0.560486    0.006237
 0.580368    0.009223
 0.600274    0.012079
 0.620202    0.014786
 0.640146    0.017328
 0.660103    0.019684
 0.680072    0.021834
 0.700049    0.023755
 0.720032    0.025423
 0.740021    0.026810
 0.760013    0.027888
 0.780008    0.028622
 0.800004    0.028976
 0.820002    0.028909
 0.840001    0.028376
 0.860001    0.027326
 0.880000    0.025704
 0.900000    0.023448
 0.920000    0.020489
 0.940000    0.016752
 0.960000    0.012154
 0.980000    0.006603
 1.000000    0.000000
