000048
 1.000000    0.000000
 0.980000    0.011226
 0.960000    0.021028
 0.940000    0.029531
 0.920000    0.036855
 0.900000    0.043111
 0.880000    0.048407
 0.860001    0.052844
 0.840001    0.056518
 0.820002    0.059520
 0.800004    0.061933
 0.780008    0.063837
 0.760013    0.065306
 0.740021    0.066408
 0.720032    0.067207
 0.700049    0.067760
 0.680072    0.068120
 0.660103    0.068335
 0.640146    0.068448
 0.620202    0.068497
 0.600274    0.068515
 0.580368    0.068532
 0.560486    0.068571
 0.540635    0.068653
 0.520819    0.068793
 0.501047    0.069003
 0.481324    0.069290
 0.461661    0.069658
 0.442066    0.070107
 0.422550    0.070634
 0.403125    0.071232
 0.383804    0.071890
 0.364603    0.072596
 0.345536    0.073333
 0.326622    0.074083
 0.307880    0.074824
 0.289331    0.075532
 0.270998    0.076182
 0.252907    0.076745
 0.235084    0.077193
 0.217558    0.077493
 0.200362    0.077613
 0.183530    0.077519
 0.167098    0.077178
 0.151106    0.076552
 0.135596    0.075606
 0.120613    0.074305
 0.106207    0.072611
 0.092429    0.070490
 0.079333    0.067905
 0.066980    0.064822
 0.055430    0.061206
 0.044751    0.057027
 0.035012    0.052252
 0.026288    0.046852
 0.018658    0.040800
 0.012206    0.034072
 0.007018    0.026646
 0.003189    0.018502
 0.000815    0.009624
 0.000000    0.000000
 0.000815    -0.009278
 0.003189    -0.017208
 0.007018    -0.023926
 0.012206    -0.029559
 0.018658    -0.034220
 0.026288    -0.038015
 0.035012    -0.041039
 0.044751    -0.043382
 0.055430    -0.045122
 0.066980    -0.046332
 0.079333    -0.047079
 0.092429    -0.047424
 0.106207    -0.047420
 0.120613    -0.047117
 0.135596    -0.046562
 0.151106    -0.045794
 0.167098    -0.044851
 0.183530    -0.043768
 0.200362    -0.042575
 0.217558    -0.041300
 0.235084    -0.039969
 0.252907    -0.038606
 0.270998    -0.037232
 0.289331    -0.035866
 0.307880    -0.034528
 0.326622    -0.033233
 0.345536    -0.031996
 0.364603    -0.030832
 0.383804    -0.029752
 0.403125    -0.028768
 0.422550    -0.027890
 0.442066    -0.027126
 0.461661    -0.026483
 0.481324    -0.025966
 0.501047    -0.025580
 0.520819    -0.025326
 0.540635    -0.025203
 0.560486    -0.025209
 0.580368    -0.025340
 0.600274    -0.025586
 0.620202    -0.025938
 0.640146    -0.026380
 0.660103    -0.026894
 0.680072    -0.027457
 0.700049    -0.028041
 0.720032    -0.028614
 0.740021    -0.029138
 0.760013    -0.029568
 0.780008    -0.029851
 0.800004    -0.029931
 0.820002    -0.029740
 0.840001    -0.029202
 0.860001    -0.028233
 0.880000    -0.026739
 0.900000    -0.024615
 0.920000    -0.021743
 0.940000    -0.017995
 0.960000    -0.013228
 0.980000    -0.007287
 1.000000    0.000000
