000018
 1.000000    0.000000
 0.980000    0.018845
 0.960000    0.035505
 0.940000    0.050159
 0.920000    0.062977
 0.900000    0.074114
 0.880000    0.083719
 0.860001    0.091929
 0.840001    0.098872
 0.820002    0.104668
 0.800004    0.109429
 0.780008    0.113257
 0.760013    0.116250
 0.740021    0.118495
 0.720032    0.120076
 0.700049    0.121069
 0.680072    0.121544
 0.660103    0.121566
 0.640146    0.121193
 0.620202    0.120481
 0.600274    0.119479
 0.580368    0.118232
 0.560486    0.116781
 0.540635    0.115164
 0.520819    0.113414
 0.501047    0.111561
 0.481324    0.109631
 0.461661    0.107647
 0.442066    0.105630
 0.422550    0.103597
 0.403125    0.101562
 0.383804    0.099538
 0.364603    0.097533
 0.345536    0.095554
 0.326622    0.093604
 0.307880    0.091686
 0.289331    0.089798
 0.270998    0.087937
 0.252907    0.086097
 0.235084    0.084269
 0.217558    0.082442
 0.200362    0.080601
 0.183530    0.078731
 0.167098    0.076811
 0.151106    0.074819
 0.135596    0.072729
 0.120613    0.070512
 0.106207    0.068135
 0.092429    0.065562
 0.079333    0.062751
 0.066980    0.059660
 0.055430    0.056239
 0.044751    0.052434
 0.035012    0.048187
 0.026288    0.043435
 0.018658    0.038108
 0.012206    0.032131
 0.007018    0.025423
 0.003189    0.017897
 0.000815    0.009456
 0.000000    0.000000
 0.000815    -0.003480
 0.003189    -0.006920
 0.007018    -0.010317
 0.012206    -0.013664
 0.018658    -0.016947
 0.026288    -0.020152
 0.035012    -0.023261
 0.044751    -0.026253
 0.055430    -0.029107
 0.066980    -0.031802
 0.079333    -0.034315
 0.092429    -0.036623
 0.106207    -0.038707
 0.120613    -0.040546
 0.135596    -0.042122
 0.151106    -0.043418
 0.167098    -0.044421
 0.183530    -0.045119
 0.200362    -0.045503
 0.217558    -0.045569
 0.235084    -0.045314
 0.252907    -0.044738
 0.270998    -0.043847
 0.289331    -0.042647
 0.307880    -0.041151
 0.326622    -0.039372
 0.345536    -0.037329
 0.364603    -0.035043
 0.383804    -0.032539
 0.403125    -0.029844
 0.422550    -0.026987
 0.442066    -0.024002
 0.461661    -0.020922
 0.481324    -0.017784
 0.501047    -0.014625
 0.520819    -0.011485
 0.540635    -0.008403
 0.560486    -0.005417
 0.580368    -0.002567
 0.600274    0.000110
 0.620202    0.002578
 0.640146    0.004802
 0.660103    0.006754
 0.680072    0.008405
 0.700049    0.009734
 0.720032    0.010723
 0.740021    0.011361
 0.760013    0.011645
 0.780008    0.011579
 0.800004    0.011176
 0.820002    0.010460
 0.840001    0.009463
 0.860001    0.008232
 0.880000    0.006826
 0.900000    0.005320
 0.920000    0.003801
 0.940000    0.002376
 0.960000    0.001169
 0.980000    0.000322
 1.000000    0.000000
