000104
 1.000000    0.000000
 0.980000    0.009847
 0.960000    0.018923
 0.940000    0.027299
 0.920000    0.035039
 0.900000    0.042201
 0.880000    0.048837
 0.860001    0.054993
 0.840001    0.060709
 0.820002    0.066023
 0.800004    0.070966
 0.780008    0.075566
 0.760013    0.079847
 0.740021    0.083831
 0.720032    0.087534
 0.700049    0.090973
 0.680072    0.094159
 0.660103    0.097104
 0.640146    0.099815
 0.620202    0.102299
 0.600274    0.104561
 0.580368    0.106606
 0.560486    0.108436
 0.540635    0.110052
 0.520819    0.111456
 0.501047    0.112647
 0.481324    0.113627
 0.461661    0.114394
 0.442066    0.114947
 0.422550    0.115285
 0.403125    0.115408
 0.383804    0.115312
 0.364603    0.114998
 0.345536    0.114463
 0.326622    0.113706
 0.307880    0.112725
 0.289331    0.111519
 0.270998    0.110086
 0.252907    0.108423
 0.235084    0.106530
 0.217558    0.104403
 0.200362    0.102039
 0.183530    0.099435
 0.167098    0.096587
 0.151106    0.093489
 0.135596    0.090138
 0.120613    0.086524
 0.106207    0.082640
 0.092429    0.078477
 0.079333    0.074023
 0.066980    0.069264
 0.055430    0.064184
 0.044751    0.058766
 0.035012    0.052988
 0.026288    0.046827
 0.018658    0.040256
 0.012206    0.033242
 0.007018    0.025751
 0.003189    0.017745
 0.000815    0.009177
 0.000000    0.000000
 0.000815    -0.008493
 0.003189    -0.016258
 0.007018    -0.023303
 0.012206    -0.029635
 0.018658    -0.035270
 0.026288    -0.040223
 0.035012    -0.044514
 0.044751    -0.048164
 0.055430    -0.051197
 0.066980    -0.053640
 0.079333    -0.055519
 0.092429    -0.056863
 0.106207    -0.057701
 0.120613    -0.058062
 0.135596    -0.057977
 0.151106    -0.057477
 0.167098    -0.056591
 0.183530    -0.055351
 0.200362    -0.053785
 0.217558    -0.051923
 0.235084    -0.049794
 0.252907    -0.047426
 0.270998    -0.044845
 0.289331    -0.042079
 0.307880    -0.039152
 0.326622    -0.036088
 0.345536    -0.032910
 0.364603    -0.029641
 0.383804    -0.026303
 0.403125    -0.022914
 0.422550    -0.019494
 0.442066    -0.016063
 0.461661    -0.012637
 0.481324    -0.009233
 0.501047    -0.005870
 0.520819    -0.002562
 0.540635    0.000675
 0.560486    0.003823
 0.580368    0.006866
 0.600274    0.009788
 0.620202    0.012571
 0.640146    0.015197
 0.660103    0.017646
 0.680072    0.019896
 0.700049    0.021924
 0.720032    0.023706
 0.740021    0.025213
 0.760013    0.026414
 0.780008    0.027276
 0.800004    0.027761
 0.820002    0.027827
 0.840001    0.027427
 0.860001    0.026510
 0.880000    0.025019
 0.900000    0.022891
 0.920000    0.020057
 0.940000    0.016439
 0.960000    0.011953
 0.980000    0.006507
 1.000000    0.000000
