000108
 1.000000    0.000000
 0.980000    0.009875
 0.960000    0.018963
 0.940000    0.027339
 0.920000    0.035071
 0.900000    0.042219
 0.880000    0.048838
 0.860001    0.054975
 0.840001    0.060673
 0.820002    0.065971
 0.800004    0.070901
 0.780008    0.075491
 0.760013    0.079766
 0.740021    0.083748
 0.720032    0.087454
 0.700049    0.090899
 0.680072    0.094096
 0.660103    0.097054
 0.640146    0.099781
 0.620202    0.102285
 0.600274    0.104569
 0.580368    0.106637
 0.560486    0.108490
 0.540635    0.110131
 0.520819    0.111560
 0.501047    0.112776
 0.481324    0.113780
 0.461661    0.114569
 0.442066    0.115144
 0.422550    0.115502
 0.403125    0.115643
 0.383804    0.115565
 0.364603    0.115266
 0.345536    0.114745
 0.326622    0.114000
 0.307880    0.113031
 0.289331    0.111836
 0.270998    0.110413
 0.252907    0.108760
 0.235084    0.106876
 0.217558    0.104759
 0.200362    0.102406
 0.183530    0.099814
 0.167098    0.096978
 0.151106    0.093895
 0.135596    0.090558
 0.120613    0.086960
 0.106207    0.083092
 0.092429    0.078945
 0.079333    0.074505
 0.066980    0.069759
 0.055430    0.064689
 0.044751    0.059275
 0.035012    0.053495
 0.026288    0.047321
 0.018658    0.040723
 0.012206    0.033667
 0.007018    0.026114
 0.003189    0.018019
 0.000815    0.009333
 0.000000    0.000000
 0.000815    -0.008588
 0.003189    -0.016440
 0.007018    -0.023562
 0.012206    -0.029965
 0.018658    -0.035664
 0.026288    -0.040675
 0.035012    -0.045018
 0.044751    -0.048716
 0.055430    -0.051793
 0.066980    -0.054275
 0.079333    -0.056190
 0.092429    -0.057567
 0.106207    -0.058434
 0.120613    -0.058823
 0.135596    -0.058764
 0.151106    -0.058286
 0.167098    -0.057421
 0.183530    -0.056200
 0.200362    -0.054651
 0.217558    -0.052805
 0.235084    -0.050690
 0.252907    -0.048334
 0.270998    -0.045765
 0.289331    -0.043008
 0.307880    -0.040089
 0.326622    -0.037033
 0.345536    -0.033861
 0.364603    -0.030597
 0.383804    -0.027262
 0.403125    -0.023876
 0.422550    -0.020458
 0.442066    -0.017026
 0.461661    -0.013600
 0.481324    -0.010195
 0.501047    -0.006829
 0.520819    -0.003517
 0.540635    -0.000276
 0.560486    0.002877
 0.580368    0.005928
 0.600274    0.008858
 0.620202    0.011650
 0.640146    0.014287
 0.660103    0.016748
 0.680072    0.019012
 0.700049    0.021057
 0.720032    0.022857
 0.740021    0.024386
 0.760013    0.025612
 0.780008    0.026502
 0.800004    0.027020
 0.820002    0.027123
 0.840001    0.026766
 0.860001    0.025898
 0.880000    0.024463
 0.900000    0.022400
 0.920000    0.019639
 0.940000    0.016106
 0.960000    0.011717
 0.980000    0.006382
 1.000000    0.000000
