000114
 1.000000    0.000000
 0.980000    0.009863
 0.960000    0.018924
 0.940000    0.027260
 0.920000    0.034942
 0.900000    0.042030
 0.880000    0.048582
 0.860001    0.054646
 0.840001    0.060268
 0.820002    0.065487
 0.800004    0.070336
 0.780008    0.074847
 0.760013    0.079045
 0.740021    0.082952
 0.720032    0.086587
 0.700049    0.089967
 0.680072    0.093104
 0.660103    0.096010
 0.640146    0.098692
 0.620202    0.101158
 0.600274    0.103413
 0.580368    0.105461
 0.560486    0.107303
 0.540635    0.108940
 0.520819    0.110375
 0.501047    0.111605
 0.481324    0.112630
 0.461661    0.113450
 0.442066    0.114061
 0.422550    0.114463
 0.403125    0.114652
 0.383804    0.114628
 0.364603    0.114387
 0.345536    0.113927
 0.326622    0.113247
 0.307880    0.112342
 0.289331    0.111212
 0.270998    0.109854
 0.252907    0.108265
 0.235084    0.106441
 0.217558    0.104381
 0.200362    0.102081
 0.183530    0.099537
 0.167098    0.096744
 0.151106    0.093697
 0.135596    0.090390
 0.120613    0.086815
 0.106207    0.082964
 0.092429    0.078827
 0.079333    0.074392
 0.066980    0.069645
 0.055430    0.064569
 0.044751    0.059148
 0.035012    0.053358
 0.026288    0.047176
 0.018658    0.040574
 0.012206    0.033520
 0.007018    0.025978
 0.003189    0.017909
 0.000815    0.009266
 0.000000    0.000000
 0.000815    -0.008578
 0.003189    -0.016414
 0.007018    -0.023516
 0.012206    -0.029895
 0.018658    -0.035566
 0.026288    -0.040547
 0.035012    -0.044860
 0.044751    -0.048526
 0.055430    -0.051571
 0.066980    -0.054022
 0.079333    -0.055907
 0.092429    -0.057254
 0.106207    -0.058095
 0.120613    -0.058458
 0.135596    -0.058375
 0.151106    -0.057876
 0.167098    -0.056993
 0.183530    -0.055755
 0.200362    -0.054192
 0.217558    -0.052334
 0.235084    -0.050209
 0.252907    -0.047846
 0.270998    -0.045270
 0.289331    -0.042508
 0.307880    -0.039585
 0.326622    -0.036524
 0.345536    -0.033348
 0.364603    -0.030080
 0.383804    -0.026739
 0.403125    -0.023346
 0.422550    -0.019919
 0.442066    -0.016476
 0.461661    -0.013036
 0.481324    -0.009614
 0.501047    -0.006228
 0.520819    -0.002892
 0.540635    0.000376
 0.560486    0.003561
 0.580368    0.006647
 0.600274    0.009615
 0.620202    0.012450
 0.640146    0.015131
 0.660103    0.017638
 0.680072    0.019950
 0.700049    0.022042
 0.720032    0.023889
 0.740021    0.025460
 0.760013    0.026725
 0.780008    0.027646
 0.800004    0.028184
 0.820002    0.028296
 0.840001    0.027932
 0.860001    0.027037
 0.880000    0.025552
 0.900000    0.023411
 0.920000    0.020538
 0.940000    0.016854
 0.960000    0.012270
 0.980000    0.006687
 1.000000    0.000000
